{
 "cells": [
  {
   "cell_type": "code",
   "execution_count": 1,
   "metadata": {},
   "outputs": [
    {
     "name": "stderr",
     "output_type": "stream",
     "text": [
      "\u001b[32m\u001b[1m  Activating\u001b[22m\u001b[39m project at `c:\\Users\\uiv02757\\OneDrive - Vitesco Technologies\\git_repos\\preconditioning`\n",
      "┌ Warning: It looks like the Kaleido process is not responding. \n",
      "│ The unresponsive process will be killed, but this means that you will not be able to save figures using `savefig`.\n",
      "│ \n",
      "│ If you are on Windows this might be caused by known problems with Kaleido v0.2 on Windows (you are using version 0.2.1).\n",
      "│ You might want to try forcing a downgrade of the Kaleido_jll library to 0.1.\n",
      "│ Check the Package Readme at https://github.com/JuliaPlots/PlotlyKaleido.jl/tree/main#windows-note for more details.\n",
      "│ \n",
      "│ If you think this is not your case, you might try using a longer timeout to check if the process is not responding (defaults to 10 seconds) by passing the desired value in seconds using the `timeout` kwarg when calling `PlotlyKaleido.start` or `PlotlyKaleido.restart`\n",
      "└ @ PlotlyKaleido C:\\Users\\uiv02757\\.julia\\packages\\PlotlyKaleido\\uMRVG\\src\\PlotlyKaleido.jl:24\n"
     ]
    }
   ],
   "source": [
    "using Pkg\n",
    "Pkg.activate(\".\")\n",
    "using Statistics\n",
    "using LinearAlgebra\n",
    "using PlotlyJS"
   ]
  },
  {
   "cell_type": "code",
   "execution_count": 2,
   "metadata": {},
   "outputs": [
    {
     "data": {
      "text/plain": [
       "R₂ (generic function with 1 method)"
      ]
     },
     "metadata": {},
     "output_type": "display_data"
    }
   ],
   "source": [
    "S(a) = [\n",
    "    [a[1] 0. 0. ];\n",
    "    [0. a[2] 0. ];\n",
    "    [0. 0. a[3] ]\n",
    "]\n",
    "R₁(α) = [\n",
    "    [cos(α) -sin(α) 0.];\n",
    "    [sin(α)  cos(α) 0.];\n",
    "    [0. 0. 1.]\n",
    "]\n",
    "R₂(α) = [\n",
    "    [ cos(α) 0 sin(α)];\n",
    "    [0 1 0];\n",
    "    [-sin(α) 0 cos(α)]\n",
    "]"
   ]
  },
  {
   "cell_type": "code",
   "execution_count": 3,
   "metadata": {},
   "outputs": [
    {
     "name": "stderr",
     "output_type": "stream",
     "text": [
      "┌ Warning: It looks like the Kaleido process is not responding. \n",
      "│ The unresponsive process will be killed, but this means that you will not be able to save figures using `savefig`.\n",
      "│ \n",
      "│ If you are on Windows this might be caused by known problems with Kaleido v0.2 on Windows (you are using version 0.2.1).\n",
      "│ You might want to try forcing a downgrade of the Kaleido_jll library to 0.1.\n",
      "│ Check the Package Readme at https://github.com/JuliaPlots/PlotlyKaleido.jl/tree/main#windows-note for more details.\n",
      "│ \n",
      "│ If you think this is not your case, you might try using a longer timeout to check if the process is not responding (defaults to 10 seconds) by passing the desired value in seconds using the `timeout` kwarg when calling `PlotlyKaleido.start` or `PlotlyKaleido.restart`\n",
      "└ @ PlotlyKaleido C:\\Users\\uiv02757\\.julia\\packages\\PlotlyKaleido\\uMRVG\\src\\PlotlyKaleido.jl:24\n",
      "┌ Warning: It looks like the Kaleido process is not responding. \n",
      "│ The unresponsive process will be killed, but this means that you will not be able to save figures using `savefig`.\n",
      "│ \n",
      "│ If you are on Windows this might be caused by known problems with Kaleido v0.2 on Windows (you are using version 0.2.1).\n",
      "│ You might want to try forcing a downgrade of the Kaleido_jll library to 0.1.\n",
      "│ Check the Package Readme at https://github.com/JuliaPlots/PlotlyKaleido.jl/tree/main#windows-note for more details.\n",
      "│ \n",
      "│ If you think this is not your case, you might try using a longer timeout to check if the process is not responding (defaults to 10 seconds) by passing the desired value in seconds using the `timeout` kwarg when calling `PlotlyKaleido.start` or `PlotlyKaleido.restart`\n",
      "└ @ PlotlyKaleido C:\\Users\\uiv02757\\.julia\\packages\\PlotlyKaleido\\uMRVG\\src\\PlotlyKaleido.jl:24\n"
     ]
    },
    {
     "data": {
      "application/vnd.plotly.v1+json": {
       "config": {
        "editable": false,
        "responsive": true,
        "scrollZoom": true,
        "showLink": false,
        "staticPlot": false
       },
       "data": [
        {
         "scene": "scene",
         "type": "surface",
         "x": [
          [
           1.2246467991473532e-16,
           1.1582920576270607e-16,
           9.66418398909805e-17,
           6.698183111441703e-17,
           3.006330160641084e-17,
           -1.0113053110837534e-17,
           -4.9193501603339596e-17,
           -8.294307088129526e-17,
           -1.0770447143491425e-16,
           -1.2079442130149551e-16,
           -1.2079442130149551e-16,
           -1.0770447143491425e-16,
           -8.294307088129526e-17,
           -4.9193501603339596e-17,
           -1.0113053110837534e-17,
           3.006330160641084e-17,
           6.698183111441703e-17,
           9.66418398909805e-17,
           1.1582920576270607e-16,
           1.2246467991473532e-16
          ],
          [
           0.3246994692046836,
           0.307106356344834,
           0.25623350452892263,
           0.1775937766248313,
           0.07970900737207066,
           -0.02681346964213652,
           -0.13043029116676919,
           -0.21991296680899206,
           -0.28556466019619897,
           -0.3202709916589038,
           -0.3202709916589038,
           -0.28556466019619897,
           -0.21991296680899206,
           -0.13043029116676919,
           -0.02681346964213652,
           0.07970900737207066,
           0.1775937766248313,
           0.25623350452892263,
           0.307106356344834,
           0.3246994692046836
          ],
          [
           0.6142127126896679,
           0.5809329737336061,
           0.4847001329696652,
           0.3359425119009931,
           0.15078030698269482,
           -0.05072128379469853,
           -0.24672643645112852,
           -0.41599495136296805,
           -0.5401839584678958,
           -0.6058356518551027,
           -0.6058356518551027,
           -0.5401839584678958,
           -0.41599495136296805,
           -0.24672643645112852,
           -0.05072128379469853,
           0.15078030698269482,
           0.3359425119009931,
           0.4847001329696652,
           0.5809329737336061,
           0.6142127126896679
          ],
          [
           0.8371664782625287,
           0.7918064893144992,
           0.6606419811056766,
           0.45788666332752864,
           0.20551222073422407,
           -0.0691326598262972,
           -0.33628594399089745,
           -0.5669974281100322,
           -0.7362659430218718,
           -0.8257486186640945,
           -0.8257486186640945,
           -0.7362659430218718,
           -0.5669974281100322,
           -0.33628594399089745,
           -0.0691326598262972,
           0.20551222073422407,
           0.45788666332752864,
           0.6606419811056766,
           0.7918064893144992,
           0.8371664782625287
          ],
          [
           0.9694002659393304,
           0.9168754856345991,
           0.7649930196723624,
           0.5302116899389073,
           0.23797369651853673,
           -0.08005243946197486,
           -0.3894036514852009,
           -0.656556935649801,
           -0.852562088306231,
           -0.9561789098308635,
           -0.9561789098308635,
           -0.852562088306231,
           -0.656556935649801,
           -0.3894036514852009,
           -0.08005243946197486,
           0.23797369651853673,
           0.5302116899389073,
           0.7649930196723624,
           0.9168754856345991,
           0.9694002659393304
          ],
          [
           0.9965844930066698,
           0.9425867962971939,
           0.78644519446783,
           0.5450800528633705,
           0.24464702974270866,
           -0.08229729514036702,
           -0.4003234311208786,
           -0.6749683116813997,
           -0.876469902458793,
           -0.9829923794730001,
           -0.9829923794730001,
           -0.876469902458793,
           -0.6749683116813997,
           -0.4003234311208786,
           -0.08229729514036702,
           0.24464702974270866,
           0.5450800528633705,
           0.78644519446783,
           0.9425867962971939,
           0.9965844930066698
          ],
          [
           0.9157733266550574,
           0.8661542018399007,
           0.7226738294882018,
           0.500880534271631,
           0.22480906120446692,
           -0.07562396191619508,
           -0.36786195533656585,
           -0.6202363979298705,
           -0.8053986028481688,
           -0.9032833721009295,
           -0.9032833721009295,
           -0.8053986028481688,
           -0.6202363979298705,
           -0.36786195533656585,
           -0.07562396191619508,
           0.22480906120446692,
           0.500880534271631,
           0.7226738294882018,
           0.8661542018399007,
           0.9157733266550574
          ],
          [
           0.7357239106731316,
           0.6958603598460654,
           0.5805895416437017,
           0.4024028378292981,
           0.1806095426127275,
           -0.060755598991731954,
           -0.295536928725187,
           -0.4982922465033349,
           -0.6470498675720069,
           -0.7256895954760981,
           -0.7256895954760981,
           -0.6470498675720069,
           -0.4982922465033349,
           -0.295536928725187,
           -0.060755598991731954,
           0.1806095426127275,
           0.4024028378292981,
           0.5805895416437017,
           0.6958603598460654,
           0.7357239106731316
          ],
          [
           0.47594739303707356,
           0.4501592504769328,
           0.3755893681871617,
           0.2603185499847981,
           0.1168381776330994,
           -0.039303424196264466,
           -0.19118589015850107,
           -0.3223503983673235,
           -0.41858323913126433,
           -0.46945609094717566,
           -0.46945609094717566,
           -0.41858323913126433,
           -0.3223503983673235,
           -0.19118589015850107,
           -0.039303424196264466,
           0.1168381776330994,
           0.2603185499847981,
           0.3755893681871617,
           0.4501592504769328,
           0.47594739303707356
          ],
          [
           0.1645945902807339,
           0.15567640137816982,
           0.129888258818029,
           0.09002470799096288,
           0.0404055831758062,
           -0.013592113533669728,
           -0.06611689383840093,
           -0.11147688278643038,
           -0.14475662174249215,
           -0.16234973460234173,
           -0.16234973460234173,
           -0.14475662174249215,
           -0.11147688278643038,
           -0.06611689383840093,
           -0.013592113533669728,
           0.0404055831758062,
           0.09002470799096288,
           0.129888258818029,
           0.15567640137816982,
           0.1645945902807339
          ],
          [
           -0.1645945902807339,
           -0.15567640137816982,
           -0.129888258818029,
           -0.09002470799096288,
           -0.0404055831758062,
           0.013592113533669728,
           0.06611689383840093,
           0.11147688278643038,
           0.14475662174249215,
           0.16234973460234173,
           0.16234973460234173,
           0.14475662174249215,
           0.11147688278643038,
           0.06611689383840093,
           0.013592113533669728,
           -0.0404055831758062,
           -0.09002470799096288,
           -0.129888258818029,
           -0.15567640137816982,
           -0.1645945902807339
          ],
          [
           -0.47594739303707356,
           -0.4501592504769328,
           -0.3755893681871617,
           -0.2603185499847981,
           -0.1168381776330994,
           0.039303424196264466,
           0.19118589015850107,
           0.3223503983673235,
           0.41858323913126433,
           0.46945609094717566,
           0.46945609094717566,
           0.41858323913126433,
           0.3223503983673235,
           0.19118589015850107,
           0.039303424196264466,
           -0.1168381776330994,
           -0.2603185499847981,
           -0.3755893681871617,
           -0.4501592504769328,
           -0.47594739303707356
          ],
          [
           -0.7357239106731316,
           -0.6958603598460654,
           -0.5805895416437017,
           -0.4024028378292981,
           -0.1806095426127275,
           0.060755598991731954,
           0.295536928725187,
           0.4982922465033349,
           0.6470498675720069,
           0.7256895954760981,
           0.7256895954760981,
           0.6470498675720069,
           0.4982922465033349,
           0.295536928725187,
           0.060755598991731954,
           -0.1806095426127275,
           -0.4024028378292981,
           -0.5805895416437017,
           -0.6958603598460654,
           -0.7357239106731316
          ],
          [
           -0.9157733266550574,
           -0.8661542018399007,
           -0.7226738294882018,
           -0.500880534271631,
           -0.22480906120446692,
           0.07562396191619508,
           0.36786195533656585,
           0.6202363979298705,
           0.8053986028481688,
           0.9032833721009295,
           0.9032833721009295,
           0.8053986028481688,
           0.6202363979298705,
           0.36786195533656585,
           0.07562396191619508,
           -0.22480906120446692,
           -0.500880534271631,
           -0.7226738294882018,
           -0.8661542018399007,
           -0.9157733266550574
          ],
          [
           -0.9965844930066698,
           -0.9425867962971939,
           -0.78644519446783,
           -0.5450800528633705,
           -0.24464702974270866,
           0.08229729514036702,
           0.4003234311208786,
           0.6749683116813997,
           0.876469902458793,
           0.9829923794730001,
           0.9829923794730001,
           0.876469902458793,
           0.6749683116813997,
           0.4003234311208786,
           0.08229729514036702,
           -0.24464702974270866,
           -0.5450800528633705,
           -0.78644519446783,
           -0.9425867962971939,
           -0.9965844930066698
          ],
          [
           -0.9694002659393304,
           -0.9168754856345991,
           -0.7649930196723624,
           -0.5302116899389073,
           -0.23797369651853673,
           0.08005243946197486,
           0.3894036514852009,
           0.656556935649801,
           0.852562088306231,
           0.9561789098308635,
           0.9561789098308635,
           0.852562088306231,
           0.656556935649801,
           0.3894036514852009,
           0.08005243946197486,
           -0.23797369651853673,
           -0.5302116899389073,
           -0.7649930196723624,
           -0.9168754856345991,
           -0.9694002659393304
          ],
          [
           -0.8371664782625287,
           -0.7918064893144992,
           -0.6606419811056766,
           -0.45788666332752864,
           -0.20551222073422407,
           0.0691326598262972,
           0.33628594399089745,
           0.5669974281100322,
           0.7362659430218718,
           0.8257486186640945,
           0.8257486186640945,
           0.7362659430218718,
           0.5669974281100322,
           0.33628594399089745,
           0.0691326598262972,
           -0.20551222073422407,
           -0.45788666332752864,
           -0.6606419811056766,
           -0.7918064893144992,
           -0.8371664782625287
          ],
          [
           -0.6142127126896679,
           -0.5809329737336061,
           -0.4847001329696652,
           -0.3359425119009931,
           -0.15078030698269482,
           0.05072128379469853,
           0.24672643645112852,
           0.41599495136296805,
           0.5401839584678958,
           0.6058356518551027,
           0.6058356518551027,
           0.5401839584678958,
           0.41599495136296805,
           0.24672643645112852,
           0.05072128379469853,
           -0.15078030698269482,
           -0.3359425119009931,
           -0.4847001329696652,
           -0.5809329737336061,
           -0.6142127126896679
          ],
          [
           -0.3246994692046836,
           -0.307106356344834,
           -0.25623350452892263,
           -0.1775937766248313,
           -0.07970900737207066,
           0.02681346964213652,
           0.13043029116676919,
           0.21991296680899206,
           0.28556466019619897,
           0.3202709916589038,
           0.3202709916589038,
           0.28556466019619897,
           0.21991296680899206,
           0.13043029116676919,
           0.02681346964213652,
           -0.07970900737207066,
           -0.1775937766248313,
           -0.25623350452892263,
           -0.307106356344834,
           -0.3246994692046836
          ],
          [
           -1.2246467991473532e-16,
           -1.1582920576270607e-16,
           -9.66418398909805e-17,
           -6.698183111441703e-17,
           -3.006330160641084e-17,
           1.0113053110837534e-17,
           4.9193501603339596e-17,
           8.294307088129526e-17,
           1.0770447143491425e-16,
           1.2079442130149551e-16,
           1.2079442130149551e-16,
           1.0770447143491425e-16,
           8.294307088129526e-17,
           4.9193501603339596e-17,
           1.0113053110837534e-17,
           -3.006330160641084e-17,
           -6.698183111441703e-17,
           -9.66418398909805e-17,
           -1.1582920576270607e-16,
           -1.2246467991473532e-16
          ]
         ],
         "y": [
          [
           1.4997597826618576e-32,
           3.976421656463604e-17,
           7.521936325910147e-17,
           1.025233247957668e-16,
           1.1871729327751938e-16,
           1.2204640094405062e-16,
           1.1214988732326395e-16,
           9.010019322620238e-17,
           5.828674514453794e-17,
           2.015702381442708e-17,
           -2.015702381442708e-17,
           -5.828674514453794e-17,
           -9.010019322620238e-17,
           -1.1214988732326395e-16,
           -1.2204640094405062e-16,
           -1.1871729327751938e-16,
           -1.025233247957668e-16,
           -7.521936325910147e-17,
           -3.976421656463604e-17,
           -1.4997597826618576e-32
          ],
          [
           3.976421656463604e-17,
           0.10542974530180328,
           0.19943454178910403,
           0.27182751112779735,
           0.3147637517973797,
           0.32359045589688445,
           0.2973511130767045,
           0.23888916327675988,
           0.15453986588849072,
           0.05344377609811667,
           -0.05344377609811667,
           -0.15453986588849072,
           -0.23888916327675988,
           -0.2973511130767045,
           -0.32359045589688445,
           -0.3147637517973797,
           -0.27182751112779735,
           -0.19943454178910403,
           -0.10542974530180328,
           -3.976421656463604e-17
          ],
          [
           7.521936325910147e-17,
           0.19943454178910403,
           0.37725725642960056,
           0.5141982935864836,
           0.5954179670246816,
           0.6121148648740841,
           0.5624796191736442,
           0.4518909789651951,
           0.29233293937487653,
           0.10109608979037402,
           -0.10109608979037402,
           -0.29233293937487653,
           -0.4518909789651951,
           -0.5624796191736442,
           -0.6121148648740841,
           -0.5954179670246816,
           -0.5141982935864836,
           -0.37725725642960056,
           -0.19943454178910403,
           -7.521936325910147e-17
          ],
          [
           1.025233247957668e-16,
           0.27182751112779735,
           0.5141982935864836,
           0.7008477123264849,
           0.8115494066631879,
           0.8343071303014414,
           0.7666547307625746,
           0.6159233952717608,
           0.3984472028670784,
           0.1377930734863858,
           -0.1377930734863858,
           -0.3984472028670784,
           -0.6159233952717608,
           -0.7666547307625746,
           -0.8343071303014414,
           -0.8115494066631879,
           -0.7008477123264849,
           -0.5141982935864836,
           -0.27182751112779735,
           -1.025233247957668e-16
          ],
          [
           1.1871729327751938e-16,
           0.3147637517973797,
           0.5954179670246816,
           0.8115494066631879,
           0.9397368756032445,
           0.9660892725516785,
           0.8877509063995579,
           0.7132109546644579,
           0.4613835293832701,
           0.15955803959031856,
           -0.15955803959031856,
           -0.4613835293832701,
           -0.7132109546644579,
           -0.8877509063995579,
           -0.9660892725516785,
           -0.9397368756032445,
           -0.8115494066631879,
           -0.5954179670246816,
           -0.3147637517973797,
           -1.1871729327751938e-16
          ],
          [
           1.2204640094405062e-16,
           0.32359045589688445,
           0.6121148648740841,
           0.8343071303014414,
           0.9660892725516785,
           0.9931806517013612,
           0.9126454964535619,
           0.7332110405110673,
           0.4743217913876982,
           0.16403241630656573,
           -0.16403241630656573,
           -0.4743217913876982,
           -0.7332110405110673,
           -0.9126454964535619,
           -0.9931806517013612,
           -0.9660892725516785,
           -0.8343071303014414,
           -0.6121148648740841,
           -0.32359045589688445,
           -1.2204640094405062e-16
          ],
          [
           1.1214988732326395e-16,
           0.2973511130767045,
           0.5624796191736442,
           0.7666547307625746,
           0.8877509063995579,
           0.9126454964535619,
           0.8386407858128705,
           0.673756333176802,
           0.43585992743436297,
           0.15073133549081386,
           -0.15073133549081386,
           -0.43585992743436297,
           -0.673756333176802,
           -0.8386407858128705,
           -0.9126454964535619,
           -0.8877509063995579,
           -0.7666547307625746,
           -0.5624796191736442,
           -0.2973511130767045,
           -1.1214988732326395e-16
          ],
          [
           9.010019322620238e-17,
           0.23888916327675988,
           0.4518909789651951,
           0.6159233952717608,
           0.7132109546644579,
           0.7332110405110673,
           0.673756333176802,
           0.5412896727361661,
           0.35016587727991777,
           0.12109617563698336,
           -0.12109617563698336,
           -0.35016587727991777,
           -0.5412896727361661,
           -0.673756333176802,
           -0.7332110405110673,
           -0.7132109546644579,
           -0.6159233952717608,
           -0.4518909789651951,
           -0.23888916327675988,
           -9.010019322620238e-17
          ],
          [
           5.828674514453794e-17,
           0.15453986588849072,
           0.29233293937487653,
           0.3984472028670784,
           0.4613835293832701,
           0.4743217913876982,
           0.43585992743436297,
           0.35016587727991777,
           0.22652592093878657,
           0.07833836615212054,
           -0.07833836615212054,
           -0.22652592093878657,
           -0.35016587727991777,
           -0.43585992743436297,
           -0.4743217913876982,
           -0.4613835293832701,
           -0.3984472028670784,
           -0.29233293937487653,
           -0.15453986588849072,
           -5.828674514453794e-17
          ],
          [
           2.015702381442708e-17,
           0.05344377609811667,
           0.10109608979037402,
           0.1377930734863858,
           0.15955803959031856,
           0.16403241630656573,
           0.15073133549081386,
           0.12109617563698336,
           0.07833836615212054,
           0.02709137914968266,
           -0.02709137914968266,
           -0.07833836615212054,
           -0.12109617563698336,
           -0.15073133549081386,
           -0.16403241630656573,
           -0.15955803959031856,
           -0.1377930734863858,
           -0.10109608979037402,
           -0.05344377609811667,
           -2.015702381442708e-17
          ],
          [
           -2.015702381442708e-17,
           -0.05344377609811667,
           -0.10109608979037402,
           -0.1377930734863858,
           -0.15955803959031856,
           -0.16403241630656573,
           -0.15073133549081386,
           -0.12109617563698336,
           -0.07833836615212054,
           -0.02709137914968266,
           0.02709137914968266,
           0.07833836615212054,
           0.12109617563698336,
           0.15073133549081386,
           0.16403241630656573,
           0.15955803959031856,
           0.1377930734863858,
           0.10109608979037402,
           0.05344377609811667,
           2.015702381442708e-17
          ],
          [
           -5.828674514453794e-17,
           -0.15453986588849072,
           -0.29233293937487653,
           -0.3984472028670784,
           -0.4613835293832701,
           -0.4743217913876982,
           -0.43585992743436297,
           -0.35016587727991777,
           -0.22652592093878657,
           -0.07833836615212054,
           0.07833836615212054,
           0.22652592093878657,
           0.35016587727991777,
           0.43585992743436297,
           0.4743217913876982,
           0.4613835293832701,
           0.3984472028670784,
           0.29233293937487653,
           0.15453986588849072,
           5.828674514453794e-17
          ],
          [
           -9.010019322620238e-17,
           -0.23888916327675988,
           -0.4518909789651951,
           -0.6159233952717608,
           -0.7132109546644579,
           -0.7332110405110673,
           -0.673756333176802,
           -0.5412896727361661,
           -0.35016587727991777,
           -0.12109617563698336,
           0.12109617563698336,
           0.35016587727991777,
           0.5412896727361661,
           0.673756333176802,
           0.7332110405110673,
           0.7132109546644579,
           0.6159233952717608,
           0.4518909789651951,
           0.23888916327675988,
           9.010019322620238e-17
          ],
          [
           -1.1214988732326395e-16,
           -0.2973511130767045,
           -0.5624796191736442,
           -0.7666547307625746,
           -0.8877509063995579,
           -0.9126454964535619,
           -0.8386407858128705,
           -0.673756333176802,
           -0.43585992743436297,
           -0.15073133549081386,
           0.15073133549081386,
           0.43585992743436297,
           0.673756333176802,
           0.8386407858128705,
           0.9126454964535619,
           0.8877509063995579,
           0.7666547307625746,
           0.5624796191736442,
           0.2973511130767045,
           1.1214988732326395e-16
          ],
          [
           -1.2204640094405062e-16,
           -0.32359045589688445,
           -0.6121148648740841,
           -0.8343071303014414,
           -0.9660892725516785,
           -0.9931806517013612,
           -0.9126454964535619,
           -0.7332110405110673,
           -0.4743217913876982,
           -0.16403241630656573,
           0.16403241630656573,
           0.4743217913876982,
           0.7332110405110673,
           0.9126454964535619,
           0.9931806517013612,
           0.9660892725516785,
           0.8343071303014414,
           0.6121148648740841,
           0.32359045589688445,
           1.2204640094405062e-16
          ],
          [
           -1.1871729327751938e-16,
           -0.3147637517973797,
           -0.5954179670246816,
           -0.8115494066631879,
           -0.9397368756032445,
           -0.9660892725516785,
           -0.8877509063995579,
           -0.7132109546644579,
           -0.4613835293832701,
           -0.15955803959031856,
           0.15955803959031856,
           0.4613835293832701,
           0.7132109546644579,
           0.8877509063995579,
           0.9660892725516785,
           0.9397368756032445,
           0.8115494066631879,
           0.5954179670246816,
           0.3147637517973797,
           1.1871729327751938e-16
          ],
          [
           -1.025233247957668e-16,
           -0.27182751112779735,
           -0.5141982935864836,
           -0.7008477123264849,
           -0.8115494066631879,
           -0.8343071303014414,
           -0.7666547307625746,
           -0.6159233952717608,
           -0.3984472028670784,
           -0.1377930734863858,
           0.1377930734863858,
           0.3984472028670784,
           0.6159233952717608,
           0.7666547307625746,
           0.8343071303014414,
           0.8115494066631879,
           0.7008477123264849,
           0.5141982935864836,
           0.27182751112779735,
           1.025233247957668e-16
          ],
          [
           -7.521936325910147e-17,
           -0.19943454178910403,
           -0.37725725642960056,
           -0.5141982935864836,
           -0.5954179670246816,
           -0.6121148648740841,
           -0.5624796191736442,
           -0.4518909789651951,
           -0.29233293937487653,
           -0.10109608979037402,
           0.10109608979037402,
           0.29233293937487653,
           0.4518909789651951,
           0.5624796191736442,
           0.6121148648740841,
           0.5954179670246816,
           0.5141982935864836,
           0.37725725642960056,
           0.19943454178910403,
           7.521936325910147e-17
          ],
          [
           -3.976421656463604e-17,
           -0.10542974530180328,
           -0.19943454178910403,
           -0.27182751112779735,
           -0.3147637517973797,
           -0.32359045589688445,
           -0.2973511130767045,
           -0.23888916327675988,
           -0.15453986588849072,
           -0.05344377609811667,
           0.05344377609811667,
           0.15453986588849072,
           0.23888916327675988,
           0.2973511130767045,
           0.32359045589688445,
           0.3147637517973797,
           0.27182751112779735,
           0.19943454178910403,
           0.10542974530180328,
           3.976421656463604e-17
          ],
          [
           -1.4997597826618576e-32,
           -3.976421656463604e-17,
           -7.521936325910147e-17,
           -1.025233247957668e-16,
           -1.1871729327751938e-16,
           -1.2204640094405062e-16,
           -1.1214988732326395e-16,
           -9.010019322620238e-17,
           -5.828674514453794e-17,
           -2.015702381442708e-17,
           2.015702381442708e-17,
           5.828674514453794e-17,
           9.010019322620238e-17,
           1.1214988732326395e-16,
           1.2204640094405062e-16,
           1.1871729327751938e-16,
           1.025233247957668e-16,
           7.521936325910147e-17,
           3.976421656463604e-17,
           1.4997597826618576e-32
          ]
         ],
         "z": [
          [
           -1,
           -1,
           -1,
           -1,
           -1,
           -1,
           -1,
           -1,
           -1,
           -1,
           -1,
           -1,
           -1,
           -1,
           -1,
           -1,
           -1,
           -1,
           -1,
           -1
          ],
          [
           -0.9458172417006346,
           -0.9458172417006346,
           -0.9458172417006346,
           -0.9458172417006346,
           -0.9458172417006346,
           -0.9458172417006346,
           -0.9458172417006346,
           -0.9458172417006346,
           -0.9458172417006346,
           -0.9458172417006346,
           -0.9458172417006346,
           -0.9458172417006346,
           -0.9458172417006346,
           -0.9458172417006346,
           -0.9458172417006346,
           -0.9458172417006346,
           -0.9458172417006346,
           -0.9458172417006346,
           -0.9458172417006346,
           -0.9458172417006346
          ],
          [
           -0.7891405093963935,
           -0.7891405093963935,
           -0.7891405093963935,
           -0.7891405093963935,
           -0.7891405093963935,
           -0.7891405093963935,
           -0.7891405093963935,
           -0.7891405093963935,
           -0.7891405093963935,
           -0.7891405093963935,
           -0.7891405093963935,
           -0.7891405093963935,
           -0.7891405093963935,
           -0.7891405093963935,
           -0.7891405093963935,
           -0.7891405093963935,
           -0.7891405093963935,
           -0.7891405093963935,
           -0.7891405093963935,
           -0.7891405093963935
          ],
          [
           -0.5469481581224267,
           -0.5469481581224267,
           -0.5469481581224267,
           -0.5469481581224267,
           -0.5469481581224267,
           -0.5469481581224267,
           -0.5469481581224267,
           -0.5469481581224267,
           -0.5469481581224267,
           -0.5469481581224267,
           -0.5469481581224267,
           -0.5469481581224267,
           -0.5469481581224267,
           -0.5469481581224267,
           -0.5469481581224267,
           -0.5469481581224267,
           -0.5469481581224267,
           -0.5469481581224267,
           -0.5469481581224267,
           -0.5469481581224267
          ],
          [
           -0.24548548714079912,
           -0.24548548714079912,
           -0.24548548714079912,
           -0.24548548714079912,
           -0.24548548714079912,
           -0.24548548714079912,
           -0.24548548714079912,
           -0.24548548714079912,
           -0.24548548714079912,
           -0.24548548714079912,
           -0.24548548714079912,
           -0.24548548714079912,
           -0.24548548714079912,
           -0.24548548714079912,
           -0.24548548714079912,
           -0.24548548714079912,
           -0.24548548714079912,
           -0.24548548714079912,
           -0.24548548714079912,
           -0.24548548714079912
          ],
          [
           0.0825793454723324,
           0.0825793454723324,
           0.0825793454723324,
           0.0825793454723324,
           0.0825793454723324,
           0.0825793454723324,
           0.0825793454723324,
           0.0825793454723324,
           0.0825793454723324,
           0.0825793454723324,
           0.0825793454723324,
           0.0825793454723324,
           0.0825793454723324,
           0.0825793454723324,
           0.0825793454723324,
           0.0825793454723324,
           0.0825793454723324,
           0.0825793454723324,
           0.0825793454723324,
           0.0825793454723324
          ],
          [
           0.40169542465296953,
           0.40169542465296953,
           0.40169542465296953,
           0.40169542465296953,
           0.40169542465296953,
           0.40169542465296953,
           0.40169542465296953,
           0.40169542465296953,
           0.40169542465296953,
           0.40169542465296953,
           0.40169542465296953,
           0.40169542465296953,
           0.40169542465296953,
           0.40169542465296953,
           0.40169542465296953,
           0.40169542465296953,
           0.40169542465296953,
           0.40169542465296953,
           0.40169542465296953,
           0.40169542465296953
          ],
          [
           0.6772815716257411,
           0.6772815716257411,
           0.6772815716257411,
           0.6772815716257411,
           0.6772815716257411,
           0.6772815716257411,
           0.6772815716257411,
           0.6772815716257411,
           0.6772815716257411,
           0.6772815716257411,
           0.6772815716257411,
           0.6772815716257411,
           0.6772815716257411,
           0.6772815716257411,
           0.6772815716257411,
           0.6772815716257411,
           0.6772815716257411,
           0.6772815716257411,
           0.6772815716257411,
           0.6772815716257411
          ],
          [
           0.8794737512064891,
           0.8794737512064891,
           0.8794737512064891,
           0.8794737512064891,
           0.8794737512064891,
           0.8794737512064891,
           0.8794737512064891,
           0.8794737512064891,
           0.8794737512064891,
           0.8794737512064891,
           0.8794737512064891,
           0.8794737512064891,
           0.8794737512064891,
           0.8794737512064891,
           0.8794737512064891,
           0.8794737512064891,
           0.8794737512064891,
           0.8794737512064891,
           0.8794737512064891,
           0.8794737512064891
          ],
          [
           0.9863613034027223,
           0.9863613034027223,
           0.9863613034027223,
           0.9863613034027223,
           0.9863613034027223,
           0.9863613034027223,
           0.9863613034027223,
           0.9863613034027223,
           0.9863613034027223,
           0.9863613034027223,
           0.9863613034027223,
           0.9863613034027223,
           0.9863613034027223,
           0.9863613034027223,
           0.9863613034027223,
           0.9863613034027223,
           0.9863613034027223,
           0.9863613034027223,
           0.9863613034027223,
           0.9863613034027223
          ],
          [
           0.9863613034027223,
           0.9863613034027223,
           0.9863613034027223,
           0.9863613034027223,
           0.9863613034027223,
           0.9863613034027223,
           0.9863613034027223,
           0.9863613034027223,
           0.9863613034027223,
           0.9863613034027223,
           0.9863613034027223,
           0.9863613034027223,
           0.9863613034027223,
           0.9863613034027223,
           0.9863613034027223,
           0.9863613034027223,
           0.9863613034027223,
           0.9863613034027223,
           0.9863613034027223,
           0.9863613034027223
          ],
          [
           0.8794737512064891,
           0.8794737512064891,
           0.8794737512064891,
           0.8794737512064891,
           0.8794737512064891,
           0.8794737512064891,
           0.8794737512064891,
           0.8794737512064891,
           0.8794737512064891,
           0.8794737512064891,
           0.8794737512064891,
           0.8794737512064891,
           0.8794737512064891,
           0.8794737512064891,
           0.8794737512064891,
           0.8794737512064891,
           0.8794737512064891,
           0.8794737512064891,
           0.8794737512064891,
           0.8794737512064891
          ],
          [
           0.6772815716257411,
           0.6772815716257411,
           0.6772815716257411,
           0.6772815716257411,
           0.6772815716257411,
           0.6772815716257411,
           0.6772815716257411,
           0.6772815716257411,
           0.6772815716257411,
           0.6772815716257411,
           0.6772815716257411,
           0.6772815716257411,
           0.6772815716257411,
           0.6772815716257411,
           0.6772815716257411,
           0.6772815716257411,
           0.6772815716257411,
           0.6772815716257411,
           0.6772815716257411,
           0.6772815716257411
          ],
          [
           0.40169542465296953,
           0.40169542465296953,
           0.40169542465296953,
           0.40169542465296953,
           0.40169542465296953,
           0.40169542465296953,
           0.40169542465296953,
           0.40169542465296953,
           0.40169542465296953,
           0.40169542465296953,
           0.40169542465296953,
           0.40169542465296953,
